start=2285.714286
speed=2.143589
pause=yes
